Form\АктивныеПользователи\Форма.bsl-->fedada7d-149d-4605-987e-59ba36c21402.0 (1 323, 1 431)
Form\ВариантыОтчетов\Форма.bsl-->a6396ed5-d4fc-46d4-b0a4-71c2863c8403.0 (1 268, 1 278)
Form\ВыборКонстанты\Форма.bsl-->cd0d856f-bc66-44fd-9bc7-6133ebfaefba.0 (1 307, 1 401)
Form\ВыборОбъектаДанных\Форма.bsl-->141fe1ca-d735-4e20-a702-d98d4e819678.0 (52, 126)
Form\ВыборОбъектаМетаданных\Форма.bsl-->73117db0-77fd-40c6-b720-e0abfa66610a.0 (520, 900)
Form\ВыборОбъектовОтбором\Форма.bsl-->75f07565-9b83-4f52-bd80-1ea5a6d5d28b.0 (1 425, 1 611)
Form\ВыборУзлаПланаОбмена\Форма.bsl-->8aaeb42c-fec7-4479-94ce-db5c8bca5fe9.0 (994, 1 204)
Form\ВыгрузкаЗагрузкаПользователей\Форма.bsl-->0e16794d-eecd-4413-b016-aa16b798a4b3.0 (656, 1 131)
Form\ЖурналРегистрации\Форма.bsl-->70f5e654-56ac-4579-b69e-fd093b952d51.0 (3 123, 3 484)
Form\КартаМаршрута\Форма.bsl-->0992664d-bcea-43bb-b1ef-7060e322b8db.0 (482, 604)
Form\Константы\Форма.bsl-->f344e5be-606d-42df-bc4b-62cafee3fc16.0 (969, 1 157)
Form\МногострочныйТекст\Форма.bsl-->7e6bfca0-7f46-4732-871d-d4585d8f1daf.0 (226, 248)
Form\Настройка\Форма.bsl-->c929b933-9300-4dd4-9dbf-b87d3094c1ae.0 (2 890, 3 120)
Form\НастройкиРегистрацииИзменений\Форма.bsl-->c683dcf8-4c15-4b0b-a8bf-c1d410359d62.0 (1 264, 1 446)
Form\НомераСообщенийУзлаПланаОбмена\Форма.bsl-->071c7e73-ba84-4f85-949d-dc9cb0cffc4d.0 (429, 498)
Form\ОтборЖурналаРегистрации\Форма.bsl-->63b32d05-94f8-4f6b-8a50-8d7d3ded7a85.0 (3 384, 3 682)
Form\ПолнотекстовыйПоискДанных\Форма.bsl-->53bac8c5-cd49-49f3-a981-4990a3cbaef6.0 (806, 2 112)
Form\РегистрацияИзменений\Форма.bsl-->6a13a6e7-8173-4a4b-ac70-5be3954c6d0e.0 (7 537, 9 817)
Form\РедакторСоставаСвойства\Форма.bsl-->b5ec36ca-31e7-4695-beb0-b50d9b7a2327.0 (735, 1 027)
Form\СтруктураПодчиненности\Форма.bsl-->be18b8d0-1b68-479e-aa11-90bd1d655706.0 (263, 1 286)
Form\УзлыРегистрацииОбъекта\Форма.bsl-->a75d3105-0924-4c3d-a3b5-f6c19e39ba5b.0 (1 651, 2 086)
Form\УправлениеПолнотекстовымПоиском\Форма.bsl-->0418b3cc-032a-4301-8137-30d746305210.0 (318, 454)
Form\Управляемая\Форма.bsl-->511ca6b3-56d3-4edd-a2f0-462216b62900.0 (36 270, 46 479)
Form\ФормаСобытия\Форма.bsl-->52d945e3-8165-4886-86f0-06827af51113.0 (2 112, 2 112)
Макеты\XMLСхемаUSERS.txt-->0900b441-536f-4993-ad5e-f68b2690ab90.0
Макеты\КартаМаршрутаУсловныеОбозначения.grs-->ce13fd98-9900-477a-a48c-acf44398bbe9.0
Макеты\СтруктураПодчиненности.mxl-->8fa4b907-3253-4420-8bbc-8ffd67d1576b.0
