Form\Форма\Форма.bsl-->f9b16643-3200-424c-8549-0e85f2829333.0 (8 251, 10 928)
Form\ФормаВыбораИзСписка\Форма.bsl-->fbd4b4ff-53e7-4784-8afd-cf097cf32f72.0 (803, 978)
Form\ФормаВыбораПредопределенныхЭлементов\Форма.bsl-->d3482d0a-b52d-4639-8c60-09d0d333a5e7.0 (940, 1 223)
Form\ФормаВыбораТипа\Форма.bsl-->e7578fd0-04fc-47a6-a7c2-5f5828a3d795.0 (1 970, 2 531)
Form\ФормаВыгрузкаВОбъект\Форма.bsl-->cfb906f2-a7b7-4bf4-a857-e95d22679513.0 (1 687, 2 285)
Form\ФормаГенерацииТекстаДляМодуля\Форма.bsl-->cde1c8a3-1626-4fb7-ae21-420f5c8bcbae.0 (1 417, 1 891)
Form\ФормаГенерацииТекстаПрисвоенияЗначенийПеременнымПараметров\Форма.bsl-->4978d7e1-e6e6-4c56-8521-1aa37f2fb45d.0 (128, 137)
Form\ФормаГраница\Форма.bsl-->3b66f5c0-9cb8-45c8-960d-2758e9a2669e.0 (380, 549)
Form\ФормаМоментВремени\Форма.bsl-->5c9d950c-cc8d-4fcb-9c20-1eb616596a6f.0 (283, 383)
Form\ФормаПутиКФайлуНаСервереПриложения\Форма.bsl-->8ec9ff77-f50d-4c7b-80d3-d6563071d28b.0 (677, 817)
Form\ФормаТаблицаЗначений\Форма.bsl-->ff59c9ec-f493-4018-b9de-4400094bf604.0 (2 017, 3 188)
Макеты\ИзображенияМетаданных.mxl-->77fea2d8-2402-4cb5-83e0-5a6c88656e87.0
Макеты\Макет.mxl-->ff629202-16f9-464c-b865-bfcedea3bbf3.0
